69,1.8550604095472493E-4
101,1.8550604095472493E-4
0,0.640696816735976
88,1.8550604095472493E-4
115,0.0
5,0.0
10,0.0011209588937646185
56,9.275302047736247E-5
42,2.7550694096372503E-4
24,0.03901899255389144
37,4.555087409817252E-4
25,0.07020481022106637
52,1.8550604095472493E-4
14,0.07502398239391418
110,0.040487015341177685
20,0.0
46,1.8550604095472493E-4
93,0.0015783059771273045
57,0.014760147601476014
78,5.400054000540005E-4
29,0.0
106,1.8550604095472493E-4
84,1.8550604095472493E-4
61,1.8550604095472493E-4
89,0.01584483147312481
116,2.2094989367461767E-4
1,0.002970029700297003
74,0.0037397612363661917
6,9.000090000900009E-5
60,3.655078409727251E-4
117,4.5000450004500047E-4
85,1.8550604095472493E-4
102,1.8550604095472493E-4
28,0.005364268416842396
38,2.7550694096372503E-4
70,1.8550604095472493E-4
21,3.655078409727251E-4
33,0.007652299717529024
92,0.004790156971727033
65,2.7550694096372503E-4
97,2.8781618478277376E-4
9,0.1476939256202642
53,2.7550694096372503E-4
109,0.06319168798195382
77,2.7000270002700027E-4
96,1.7813484755773466E-5
13,0.013566373211963934
41,1.8550604095472493E-4
73,3.655078409727251E-4
105,1.8550604095472493E-4
2,2.0
32,0.0014400144001440014
34,0.04326244931816867
45,2.7550694096372503E-4
64,2.7550694096372503E-4
17,0.09120533658418478
22,0.010310868351678324
44,1.8550604095472493E-4
59,1.8550604095472493E-4
118,0.0
27,0.15937265368405054
71,0.013841955862580331
12,0.06607132774959751
54,1.8550604095472493E-4
49,1.8550604095472493E-4
86,1.8550604095472493E-4
113,0.019857629535983815
81,1.8550604095472493E-4
76,0.003648386887554246
7,0.0575780092242081
39,2.7550694096372503E-4
98,0.001547828784908775
103,1.8550604095472493E-4
91,0.0030433219793288735
66,1.8550604095472493E-4
108,1.8550604095472493E-4
3,0.3064058686001885
80,0.0018055222411167266
35,0.0061366682398344835
112,0.0385614303809531
48,1.8550604095472493E-4
63,1.8550604095472493E-4
18,0.2137960454065097
95,0.0015695618198235156
50,1.8550604095472493E-4
67,0.0
16,0.03291788315196309
31,0.0
11,0.9861531142169346
72,0.012420124201242012
43,6.355105409997254E-4
99,6.478197848187741E-4
87,1.8550604095472493E-4
104,1.8550604095472493E-4
40,5.455096409907252E-4
26,0.007126855849959879
55,1.8550604095472493E-4
114,0.001080010800108001
23,0.2783874370514659
8,0.004410044100441005
75,3.655078409727251E-4
119,0.0
58,0.0014461556896694528
82,1.8550604095472493E-4
36,8.100081000810009E-4
30,0.0
51,3.655078409727251E-4
19,0.0019444645265619185
107,1.8550604095472493E-4
4,0.03993783282244409
79,5.400054000540005E-4
94,0.0028194821333381304
47,3.655078409727251E-4
15,0.01780017317177538
68,0.0
62,2.7550694096372503E-4
90,0.010017821202830419
111,5.400054000540005E-4
83,1.8550604095472493E-4
100,1.9781528477377363E-4
